55 22 12 00 61 00 8B 57 00 01 2B E6 5C 9D A2 5F 49 40 8D 95 9C A0
55 2E 11 00 68 04 01 01 53 00 34 02 00 B6 04 00 00 D0 07 00 00

0E 01 00 FB 50 D8 17 73 DE E7 62 34 02 01 14 92 46 00 00 3C 82 00 00 10 0E 00 00 80 03 01 00 80 03 30 00 30 00 06 00 00 00 00 00 00 00 00 00 9F 76 0E 00
0E 01 01 FF 50 97 38 09 DF E7 62 34 02 01 14 B6 04 00 00 D0 07 00 00 10 0E 00 00 80 03 01 00 80 03 00 00 00 00 00 00 00 00 00 00 00 00 00 00 9F 76 0E 00
0E 01 00 00 00 00 00 00 00 00 00 00 00 00 00 00 00 00 00 00 00 00 00 00 00 00 00 00 00 00 00 00 00 00 00 00 00 00 00 00 00 00 00 00 00 17 7C 0E 00

01 01 5D 00 0F 01 07 
00 33 53 AE 6F 32 D9 E7 62 C0 20 01 1E 36 3B 00 00 90 65 00 00 53 04 00 00 00 00 00 00 00 00 00 00 00 00 
01 36 51 6E 52 F1 E1 E7 62 42 20 01 1E 40 0D 03 00 A0 7A 03 00 13 0D 00 00 00 00 00 00 00 00 00 00 00 00 
02 73 52 D8 0F AC E2 E7 62 1D 20 01 1E A8 61 00 00 60 6D 00 00 CD 0D 00 00 00 00 00 00 30 02 00 00 05 00 
03 59 13 5E 47 A8 E2 E7 62 CF 1F 01 1E F8 20 00 00 3B 3D 00 00 C9 0D 00 00 00 00 00 00 00 00 00 00 00 00 
04 6A 52 3E 41 5C E2 E7 62 AC 1F 01 1E 87 62 00 00 28 A0 00 00 7E 0D 00 00 00 00 00 00 00 00 00 00 00 00 
05 D0 50 FC 7B 55 D3 E7 62 9E 1F 01 1E 4A 35 03 00 A0 F7 03 00 92 00 00 00 00 00 00 00 00 00 00 00 00 00 
06 F9 4F FE 6F B7 E2 E7 62 6F 1F 01 1E DB 1C 00 00 D4 30 00 00 D8 0D 00 00 00 00 00 00 00 00 00 00 00 00 
01 07
07 32 53 0C 3B 24 D9 E7 62 A0 03 01 1E F0 03 00 00 F3 06 00 00 46 04 00 00 00 00 00 00 00 00 00 00 00 00 
08 1B 51 0A 55 07 D6 E7 62 BF 02 01 1E 65 04 00 00 2A 08 00 00 29 01 00 00 00 00 00 00 00 00 00 00 00 00 
09 20 94 A5 60 0F DF E7 62 C8 03 01 1E D0 05 00 00 CD 0A 00 00 30 0A 00 00 00 00 00 00 00 00 00 00 00 00 
0A B4 12 64 0F 54 DB E7 62 AE 1F 01 1E 19 08 00 00 0A 0F 00 00 76 06 00 00 00 00 00 00 00 00 00 00 00 00 
0B CC 49 E9 7C D4 E1 E7 62 6D 03 01 1E 3C 11 00 00 44 11 00 00 F5 0C 00 00 00 00 00 00 00 00 20 00 02 00 
0C 10 51 DA 51 B8 DF E7 62 7E 01 01 1E 90 5F 01 00 E8 61 01 00 D9 0A 00 00 00 00 00 00 00 32 21 00 08 00 
0D 87 53 F0 1A A9 DC E7 62 47 02 01 1E A0 86 01 00 AA 86 01 00 CA 07 00 00 00 00 00 00 20 31 11 00 08 00
00 00 00 00 00 00 00 00 00 00 00 00 00 00 00 00 00 00 00 00 00 00 00 00 00 00 00 00 00 00 00 00 00 00 00 00 00 00 00 
02 
00 FB 50 D8 17 73 DE E7 62 34 02 01 17 92 46 00 00 3C 82 00 00 00 00 00 00 80 03 01 00 80 03 30 00 30 00 06 00 00 00 00 00 00 00 00 00 
00 FB 50 D8 17 73 DE E7 62 34 02 01 14 92 46 00 00 3C 82 00 00 94 09 00 00 80 03 01 00 80 03 30 00 30 00 06 00 00 00 00 00 00 00 00 00
00 FB 50 D8 17 73 DE E7 62 34 02 01 14 92 46 00 00 3C 82 00 00 4B 05 00 00 80 03 01 00 80 03 30 00 30 00 06 00 00 00 00 00 00 00 00 00 
01 FF 50 97 38 09 DF E7 62 34 02 01 14 B6 04 00 00 D0 07 00 00 2B 0A 00 00 80 03 01 00 80 03 00 00 00 00 00 00 00 00 00 00 00 00 00 00 9F 76 0E 00
01 FF 50 97 38 09 DF E7 62 34 02 01 16 D0 07 00 00 D0 07 00 00 00 00 00 00 80 03 01 00 80 03 00 00 00 00 00 00 78 05 00 00 00 00 00 00 9F 76 0E 00

01 01 4A 00 0F 01 07 
00 61 51 44 73 28 D9 E7 62 C0 20 01 1E 0A 41 00 00 83 6C 00 00 1C 02 00 00 00 00 00 00 00 00 00 00 00 00 
01 70 51 99 61 B9 E4 E7 62 42 20 01 1E 40 0D 03 00 E8 6E 03 00 91 0B 00 00 00 00 00 00 00 00 00 00 00 00 
02 C6 52 F4 1E 05 E7 E7 62 1D 20 01 1E 0D 41 00 00 30 75 00 00 DD 0D 00 00 00 00 00 00 00 00 00 00 00 00 
03 3B 54 48 6B 10 E3 E7 62 CF 1F 01 1E 2A 21 00 00 3B 3D 00 00 E8 09 00 00 00 00 00 00 00 00 00 00 00 00 
04 3D 52 7A 25 34 E1 E7 62 AC 1F 01 1E 4F 63 00 00 FA B6 00 00 0C 08 00 00 00 00 00 00 00 00 00 00 00 00 
05 44 49 1C 6B F2 DB E7 62 9E 1F 01 1E 4D 5F 03 00 EE 35 04 00 CA 02 00 00 00 00 00 00 00 00 00 00 00 00 
06 35 15 7D 5D 25 E7 E7 62 6F 1F 01 1E DB 1C 00 00 84 35 00 00 FE 0D 00 00 00 00 00 00 00 00 00 00 00 00 
01 07 
07 67 13 13 67 37 E3 E7 62 63 03 01 1E F6 03 00 00 5B 07 00 00 10 0A 00 00 00 00 00 00 00 00 00 00 00 00 
08 1A 50 7E 7B 6E E5 E7 62 E7 01 01 1E FB 03 00 00 64 07 00 00 46 0C 00 00 00 00 00 00 00 00 00 00 00 00 
09 AC 50 D6 37 74 DA E7 62 00 03 01 1E 2C 15 00 00 36 15 00 00 4C 01 00 00 00 00 00 00 03 12 00 00 06 00 
0A 10 13 60 53 E7 DE E7 62 55 01 01 1E B1 A2 00 00 90 E2 00 00 C0 05 00 00 00 00 00 00 11 11 13 00 08 00 
0B 41 4A A9 44 28 E6 E7 62 8F 01 01 1E A6 B4 00 00 7F 4F 01 00 01 0D 00 00 00 00 00 00 00 00 00 00 00 00 
0C A9 52 1C 73 CD E5 E7 62 AA 00 01 1E FC C3 00 00 90 5F 01 00 A5 0C 00 00 00 00 00 00 00 00 00 00 00 00 
0D C3 93 28 13 A6 DC E7 62 0C 01 01 1E F0 49 02 00 90 59 02 00 7E 03 00 00 00 00 00 00 00 00 10 00 01 00 
00 00 00 00 00 00 00 00 00 00 00 00 00 00 00 00 00 00 00 00 00 00 00 00 00 00 00 00 00 00 00 00 00 00 00 00 00 00 00 
02 
00 FB 50 D8 17 73 DE E7 62 34 02 01 14 92 46 00 00 3C 82 00 00 4B 05 00 00 80 03 01 00 80 03 30 00 30 00 06 00 00 00 00 00 00 00 00 00 
01 FF 50 97 38 09 DF E7 62 34 02 01 16 D0 07 00 00 D0 07 00 00 00 00 00 00 80 03 01 00 80 03 00 00 00 00 00 00 78 05 00 00 00 00 00 00 9F 76 0E 00

收回武器
Size 0x10 55 25 0C 00 68 07 01 FF 50 97 38 09 DF E7 62 01
CAuctionSystem.cpp 334 [CAuctionSystem::ParseAuctionViewData] Index:0 ItemID:564 AuctionID:17D850FB
CAuctionSystem.cpp 334 [CAuctionSystem::ParseAuctionViewData] Index:1 ItemID:564 AuctionID:389750FF

拍卖失败-到时间了
01 01 31 00 0F 01 07 
00 F5 13 CD 77 1B EC E7 62 C0 20 01 1E A0 3A 00 00 83 6C 00 00 FE 0C 00 00 00 00 00 00 00 00 00 00 00 00 
01 ED 01 FA 28 3E E4 E7 62 42 20 01 1E FA 20 03 00 80 A9 03 00 20 05 00 00 00 00 00 00 00 00 00 00 00 00 
02 20 08 AB 64 D0 EC E7 62 1D 20 01 1E 0D 41 00 00 30 75 00 00 B3 0D 00 00 00 00 00 00 30 02 00 00 05 00 
03 F6 53 17 34 57 EC E7 62 CF 1F 01 1E F8 20 00 00 BC 34 00 00 3A 0D 00 00 00 00 00 00 00 00 00 00 00 00 
04 44 53 07 26 62 EB E7 62 AC 1F 01 1E 87 62 00 00 F8 B6 00 00 44 0C 00 00 00 00 00 00 00 00 00 00 00 00 
05 42 53 BB 05 55 EB E7 62 9E 1F 01 1E 39 4A 02 00 94 3F 04 00 37 0C 00 00 00 00 00 00 00 00 00 00 00 00 
06 F9 53 0D 49 65 EC E7 62 6F 1F 01 1E DB 1C 00 00 E0 2E 00 00 48 0D 00 00 00 00 00 00 00 00 00 00 00 00 
01 07 
07 68 53 6D 3E 53 E6 E7 62 5B 03 01 1E A0 03 00 00 BB 06 00 00 36 07 00 00 00 00 00 00 00 00 00 00 00 00 
08 4D 13 D6 34 63 E2 E7 62 2A 02 01 1E FC 03 00 00 67 07 00 00 45 03 00 00 00 00 00 00 00 00 00 00 00 00 
09 FE 94 19 3E D2 E9 E7 62 4E 03 01 1E 77 04 00 00 4A 08 00 00 B5 0A 00 00 00 00 00 00 00 00 00 00 00 00 
0A 0C 4A 4C 46 AA E4 E7 62 47 01 01 1E 6F 07 00 00 1C 0C 00 00 8D 05 00 00 00 00 00 00 00 00 00 00 00 00 
0B 1A 15 A1 02 FE E3 E7 62 6D 03 01 1E F0 79 00 00 00 7D 00 00 E1 04 00 00 00 00 00 00 30 00 40 00 07 00 
0C A4 50 A6 76 53 E1 E7 62 6D 01 01 1E B8 7A 00 00 E9 E3 00 00 35 02 00 00 00 00 00 00 40 00 30 00 07 00 
0D 7F 50 DB 7B 2B EA E7 62 0B 02 01 1E 14 1E 01 00 48 E8 01 00 0D 0B 00 00 00 00 00 00 00 00 00 00 00 00 
00 00 00 00 00 00 00 00 00 00 00 00 00 00 00 00 00 00 00 00 00 00 00 00 00 00 00 00 00 00 00 00 00 00 00 00 00 00 00 
02 
00 FB 50 D8 17 73 DE E7 62 34 02 01 17 92 46 00 00 3C 82 00 00 00 00 00 00 80 03 01 00 80 03 30 00 30 00 06 00 00 00 00 00 00 00 00 00 
01 47 52 E1 4A 71 EC E7 62 34 02 01 14 B6 04 00 00 B6 08 00 00 53 0D 00 00 80 03 01 00 80 03 00 00 00 00 00 00 00 00 00 00 00 00 00 00 17 7C 0E 00


取回武器
55 2F 0C 00 68 08 01 FB 50 D8 17 73 DE E7 62 01

更新武器栏
0E 01 00 00 00 00 00 00 00 00 00 00 00 00 00 00 00 00 00 00 00 00 00 00 00 00 00 00 00 00 00 00 00 00 00 00 00 00 00 00 00 00 00 00 00 17 7C 0E 00


设置低竞拍 高一口价  -搜竞拍价格
设置

请把竞标价格设置为=最低价
如果一口价高于竞标价格+1 那么搜索类型是 竞标起价
如果一口价=最低价+1 那么搜索类型是 最低一口价

--客户结构体
Index: 任务索引
FindType
拍卖ID 
物品ID
显示喷漆ID
强化等级
