0A 41 55 43 54 49 4F 4E 5F 31 30 30 30 4D 5F 42 45 47 49 4E 00 00

DispatchRecv.cpp 689 CDispatchRecv::Fake_UMsg Flag :21
Util.cpp 914 [Util::ViewHexCode] 15 41 55 43 54 49 4F 4E 5F 31 30 30 30 4D 5F 57 49 4E 4E 45 52 00 01 D0 A1 C2 ED B4 EF EC E1 00
DispatchRecv.cpp 765 CDispatchRecv::Fake_UMsg default Flag :21

CAuctionSystem.cpp 25 [CAuctionSystem::WeaponAuctionEvent] Index:16
CAuctionSystem.cpp 93 [CAuctionSystem::WeaponAuctionEvent] 错误ID:15 已有竞标中的道具


CAuctionSystem.cpp 25 [CAuctionSystem::WeaponAuctionEvent] Index:13

1659186000

1110
0111


68 00 03 02 00 00 00 00 00 00 65

01 03 65 8F 00 02 03 07 07 2F 00 F7 51 08 9E E0 62 6C 0A 02 1F 10 27 00 00 06 05 00 00 97 00 00 00 00 00 00 00 00 00 00 00 00 00 08 00 00 00 00 00 00 00 00 00 00 00 00 00 00 00 00 00 00 00 00 00 00 00 00 00 00 00 00 00 00 00 00 00 00 09 00 00 00 00 00 00 00 00 00 00 00 00 00 00 00 00 00 00 00 00 00 00 00 00 00 00 00 00 00 00 00 00 00 00 0A 00 00 00 00 00 00 00 00 00 00 00 00 00 00 00 00 00 00 00 00 00 00 00 00 00 00 00 00 00 00 00 00 00 00 0B 00 00 00 00 00 00 00 00 00 00 00 00 00 00 00 00 00 00 00 00 00 00 00 00 00 00 00 00 00 00 00 00 00 00 0C 00 00 00 00 00 00 00 00 00 00 00 00 00 00 00 00 00 00 00 00 00 00 00 00 00 00 00 00 00 00 00 00 00 00 0D 00 00 00 00 00 00 00 00 00 00 00 00 00 00 00 00 00 00 00 00 00 00 00 00 00 00 00 00 00 00 00 00 00 00 75 4B 0E 00

01 03 65 6F 00 0E 03 07 07 00 00 00 00 00 00 00 00 00 00 00 00 00 00 00 00 00 00 00 00 00 00 00 00 00 00 00 00 00 00 00 00 00 00 08 00 00 00 00 00 00 00 00 00 00 00 00 00 00 00 00 00 00 00 00 00 00 00 00 00 00 00 00 00 00 00 00 00 00 09 00 00 00 00 00 00 00 00 00 00 00 00 00 00 00 00 00 00 00 00 00 00 00 00 00 00 00 00 00 00 00 00 00 00 0A 00 00 00 00 00 00 00 00 00 00 00 00 00 00 00 00 00 00 00 00 00 00 00 00 00 00 00 00 00 00 00 00 00 00 0B 00 00 00 00 00 00 00 00 00 00 00 00 00 00 00 00 00 00 00 00 00 00 00 00 00 00 00 00 00 00 00 00 00 00 0C 00 00 00 00 00 00 00 00 00 00 00 00 00 00 00 00 00 00 00 00 00 00 00 00 00 00 00 00 00 00 00 00 00 00 0D 00 00 00 00 00 00 00 00 00 00 00 00 00 00 00 00 00 00 00 00 00 00 00 00 00 00 00 00 00 00 00 00 00 00 00 00 00 00 00 00 00 00 00 00 00 00 00 00 00 00 00 00 00 00 00 00 00 00 00 00 00 00 00 00 00 00 00 00 00 00 00 00 00 00 85 72 0E 00


01 02 70 00 0F 02 07 00 E7 11 4E 46 30 8C E6 62 08 12 01 1E 57 0C 00 00 EA 16 00 00 4A 0D 00 00 00 00 00 00 00 00 00 00 00 00 01 1E 7D B8 0C 85 8C E6 62 07 12 01 1E F9 01 00 00 AA 03 00 00 9D 0D 00 00 00 00 00 00 00 00 00 00 00 00 02 CB 42 B4 70 F5 8B E6 62 00 12 01 1E 31 13 00 00 28 23 00 00 0E 0D 00 00 00 00 00 00 00 00 00 00 00 00 03 1D 7D 6D 72 7D 8C E6 62 FD 11 01 1E DF 01 00 00 7A 03 00 00 94 0D 00 00 00 00 00 00 00 00 00 00 00 00 04 26 44 CD 4A CF 8A E6 62 FC 11 01 1E F0 43 00 00 71 7D 00 00 E9 0B 00 00 00 00 00 00 00 00 00 00 00 00 05 D0 43 E6 48 5C 8B E6 62 FA 11 01 1E 7F 2B 00 00 0E 50 00 00 73 0C 00 00 00 00 00 00 00 00 00 00 00 00 06 24 44 A1 2A C8 8A E6 62 F9 11 01 1E 8C 9E 00 00 71 26 01 00 E3 0B 00 00 00 00 00 00 00 00 00 00 00 00 02 07 07 02 42 51 31 85 82 E6 62 C7 0F 01 1E E4 00 00 00 86 01 00 00 9C 03 00 00 00 00 00 00 00 00 00 00 00 00 08 DD 41 85 51 70 81 E6 62 BD 0F 01 1E F9 00 00 00 D0 01 00 00 87 02 00 00 00 00 00 00 00 00 00 00 00 00 09 88 7B 7B 5D 03 82 E6 62 CC 0F 01 1E 09 01 00 00 EA 01 00 00 1B 03 00 00 00 00 00 00 00 00 00 00 00 00 0A CD 04 18 78 D2 86 E6 62 06 12 01 1E 21 01 00 00 1A 02 00 00 EC 07 00 00 00 00 00 00 00 00 00 00 00 00 0B DD 41 91 29 20 82 E6 62 F5 0F 01 1E 91 02 00 00 C4 04 00 00 39 03 00 00 00 00 00 00 00 00 00 00 00 00 0C A7 7C FE 32 F9 89 E6 62 B9 0F 01 1E DC 02 00 00 51 05 00 00 11 0B 00 00 00 00 00 00 00 00 00 00 00 00 0D 68 04 1E 7A 6B 81 E6 62 C8 0F 01 1E EF 02 00 00 6E 05 00 00 87 02 00 00 00 00 00 00 00 00 00 00 00 00 00 00 00 00 00 00 00 00 00 00 00 00 00 00 00 00 00 00 00 00 00 00 00 00 00 00 00 00 00 00 00 00 00 00 00 00 00 00 00 00 85 72 0E 00

01 01 6E 00 02 01 07 07 99 04 F1 01 C8 83 E6 62 51 03 01 1E C8 04 00 00 E1 08 00 00 6D 04 00 00 00 00 00 00 00 00 00 00 00 00 08 F9 44 FA 1F 4A 82 E6 62 E2 01 01 1E D8 04 00 00 FF 08 00 00 EB 02 00 00 00 00 00 00 00 00 00 00 00 00 09 8E 0A 99 3B B3 86 E6 62 57 01 01 1E 57 05 00 00 8E 09 00 00 5B 07 00 00 00 00 00 00 00 00 00 00 00 00 0A 27 43 2B 4D 59 89 E6 62 BF 02 01 1E BD 0A 00 00 F2 13 00 00 F9 09 00 00 00 00 00 00 00 00 20 00 02 00 0B 2A 45 F7 65 9B 88 E6 62 06 02 01 1E 0A 1B 00 00 BA 22 00 00 43 09 00 00 00 00 00 00 10 00 20 00 03 00 0C 21 44 C0 74 BC 8A E6 62 86 03 01 1E 1E 1A 01 00 F8 24 01 00 60 0B 00 00 00 00 00 00 22 01 11 00 07 00 0D 76 44 8F 09 F3 80 E6 62 5A 02 01 1E 90 5F 01 00 A0 A0 01 00 9B 01 00 00 00 00 00 00 33 10 10 00 08 00 85 72 0E 00

--武器刷新-左边和右边
01 01 
4E 00 
0F 
01 07 
00 DE 7D B9 36 7C 91 E6 62 C0 20 01 1E 80 3E 00 00 A8 61 00 00 B3 0A 00 00 00 00 00 00 00 00 00 00 00 00
01 71 3D FE 47 18 94 E6 62 42 20 01 1E E5 74 02 00 A0 F7 03 00 51 0D 00 00 00 00 00 00 00 00 00 00 00 00 
02 F1 44 27 1C 93 94 E6 62 1D 20 01 1E 71 3E 00 00 C0 5D 00 00 CC 0D 00 00 00 00 00 00 00 00 00 00 00 00 
03 6D 7C 91 7E 8C 88 E6 62 CF 1F 01 1E 59 20 00 00 E6 39 00 00 77 02 00 00 00 00 00 00 00 00 00 00 00 00 
04 DC 08 60 3B 99 94 E6 62 AC 1F 01 1E 1D 5E 00 00 D4 AD 00 00 D2 0D 00 00 00 00 00 00 00 00 00 00 00 00 
05 4A 3C FF 3E 9C 85 E6 62 9E 1F 01 1E E8 BF 02 00 58 03 04 00 0C 03 00 00 00 00 00 00 00 00 00 00 00 00 
06 E1 05 72 73 7E 93 E6 62 6F 1F 01 1E 71 1B 00 00 E0 2E 00 00 B8 0C 00 00 00 00 00 00 00 00 00 00 00 00 
01 07 
07 BD 45 3A 28 84 8E E6 62 FC 02 01 1E 17 04 00 00 40 06 00 00 C1 07 00 00 00 00 00 00 00 00 00 00 00 00 
08 23 07 A2 37 24 8D E6 62 42 03 01 1E 70 04 00 00 34 08 00 00 5E 06 00 00 00 00 00 00 00 00 00 00 00 00 
09 FC 43 CF 7C 0C 94 E6 62 C8 03 01 1E 2E 05 00 00 9F 09 00 00 42 0D 00 00 00 00 00 00 00 00 00 00 00 00 
0A FA 45 0D 2F B6 8A E6 62 94 00 01 1E 9B 0F 00 00 84 1C 00 00 EC 03 00 00 00 00 00 00 00 00 00 00 00 00 
0B 14 46 0D 45 C3 8B E6 62 90 01 01 1E 70 17 00 00 C4 19 00 00 FA 04 00 00 00 00 00 00 00 11 00 00 02 00 
0C 0A 7E 4F 5E B8 92 E6 62 81 01 01 1E F4 C2 00 00 85 21 01 00 EF 0B 00 00 00 00 00 00 00 00 00 00 00 00 
0D D7 7D 11 38 4F 91 E6 62 8E 01 01 1E 10 98 02 00 30 E6 02 00 86 0A 00 00 00 00 00 00 00 00 00 00 00 00

00 00 00 00 00 00 00 00 00 00 00 00 00 00 00 00 00 00 00 00 00 00 00 00 00 00 00 00 00 00 00 00 00 00 00 00 00 00 00 00 85 72 0E 00

-武器刷新-右
01 01
48 00
02
01 07
07 E8 3C 10 64 B4 8B E6 62 FC 02 01 1E 22 04 00 00 A4 06 00 00 88 03 00 00 00 00 00 00 00 00 00 00 00 00 
08 CC 44 5E 28 EA 95 E6 62 B6 1F 01 1E 20 05 00 00 D0 07 00 00 BC 0D 00 00 00 00 00 00 20 00 00 00 02 00 
09 24 07 67 3B 39 8F E6 62 4E 03 01 1E BC 05 00 00 A0 0A 00 00 0E 07 00 00 00 00 00 00 00 00 00 00 00 00 
0A 33 3D E4 78 2B 8F E6 62 FB 02 01 1E 27 0A 00 00 DA 12 00 00 FE 06 00 00 00 00 00 00 00 00 00 00 00 00 
0B 2B 3D 99 33 CF 8E E6 62 EF 01 01 1E 2A 2E 00 00 BD 55 00 00 A3 06 00 00 00 00 00 00 20 00 30 00 05 00 
0C A9 43 07 5F 8C 89 E6 62 F9 02 01 1E 0E 4F 00 00 10 4F 00 00 5D 01 00 00 00 00 00 00 30 00 30 00 06 00 
0D 4C 46 00 16 89 8D E6 62 47 02 01 1E FC B1 01 00 06 B2 01 00 5A 05 00 00 00 00 00 00 00 23 21 00 08 00 85 72 0E 00

-武器刷新-左
01 01
46 00
01
01 07 
00 03 45 ED 79 28 95 E6 62 C0 20 01 1E 74 3A 00 00 79 6B 00 00 85 0C 00 00 00 00 00 00 00 00 00 00 00 00 
01 71 3D FE 47 18 94 E6 62 42 20 01 1E 17 75 02 00 A0 F7 03 00 74 0B 00 00 00 00 00 00 00 00 00 00 00 00 
02 D9 08 71 0E 6F 94 E6 62 1D 20 01 1E 55 46 00 00 48 71 00 00 CC 0B 00 00 00 00 00 00 00 00 00 00 00 00 
03 EF 43 BC 1C 15 96 E6 62 CF 1F 01 1E 2D 1F 00 00 E6 39 00 00 6E 0D 00 00 00 00 00 00 00 00 00 00 00 00 
04 04 44 D2 53 B0 94 E6 62 AC 1F 01 1E 81 5E 00 00 C8 AE 00 00 09 0C 00 00 00 00 00 00 00 00 00 00 00 00 
05 4A 3C FF 3E 9C 85 E6 62 9E 1F 01 1E 4C C0 02 00 58 03 04 00 97 02 00 00 00 00 00 00 00 00 00 00 00 00 
06 67 46 10 6C 3F 96 E6 62 6F 1F 01 1E 71 1B 00 00 F6 32 00 00 9E 0D 00 00 00 00 00 00 00 00 00 00 00 00 85 72 0E 00



武器 左1
01 01 6C 00 01 01 07 00 C1 42 86 22 3D 89
武器右1
01 01 6B 00 02 01 07 07 8C 42 FD
配件
01 02 6C 00 0F 02 07 00 E7 11 4E 46 30
01 02 6A 00 0F 02 07 00 E7 11 4E 46 3
活动
01 03 65 69 00 0E 03 07 07




-配件-全部刷新
01 02
40 00
0F
02 07
00 FE 11 77 72 6E 8E E6 62 08 12 01 1E 57 0C 00 00 A8 16 00 00 71 04 00 00 00 00 00 00 00 00 00 00 00 00 
01 70 43 1E 6D D5 92 E6 62 07 12 01 1E F9 01 00 00 FE 01 00 00 D8 08 00 00 00 00 00 00 00 00 00 00 00 00 
02 CB 42 B4 70 F5 8B E6 62 00 12 01 1E C1 14 00 00 28 23 00 00 14 04 00 00 00 00 00 00 00 00 00 00 00 00 
03 81 46 FB 30 26 97 E6 62 FD 11 01 1E DF 01 00 00 7A 03 00 00 2E 0D 00 00 00 00 00 00 00 00 00 00 00 00 
04 3C 06 D0 44 96 97 E6 62 FC 11 01 1E 8C 43 00 00 00 7D 00 00 9B 0D 00 00 00 00 00 00 00 00 00 00 00 00 
05 9B 44 13 3B D0 8F E6 62 FA 11 01 1E E3 2B 00 00 0E 50 00 00 D4 05 00 00 00 00 00 00 00 00 00 00 00 00 
06 24 44 A1 2A C8 8A E6 62 F9 11 01 1E 4C E5 00 00 71 26 01 00 9D 03 00 00 00 00 00 00 00 00 00 00 00 00 
02 07
07 F9 44 80 1F 03 95 E6 62 A9 0F 01 1E BD 00 00 00 2C 01 00 00 07 0B 00 00 00 00 00 00 00 00 00 00 00 00 
08 EC 45 D7 30 39 8A E6 62 F4 0F 01 1E EF 00 00 00 B8 01 00 00 3A 00 00 00 00 00 00 00 00 00 00 00 00 00 
09 13 07 4F 49 12 8A E6 62 03 12 01 1E 81 01 00 00 CB 02 00 00 16 00 00 00 00 00 00 00 00 00 00 00 00 00 
0A 2B 44 F1 4A 1A 8B E6 62 05 12 01 1E E4 01 00 00 83 03 00 00 1E 01 00 00 00 00 00 00 00 00 00 00 00 00 
0B F6 45 22 53 97 8A E6 62 C8 0F 01 1E EF 02 00 00 CE 04 00 00 98 00 00 00 00 00 00 00 00 00 00 00 00 00 
0C 44 43 D8 6B 88 8A E6 62 AF 0F 01 1E 44 03 00 00 11 06 00 00 89 00 00 00 00 00 00 00 00 00 00 00 00 00 
0D 82 44 26 10 58 92 E6 62 01 12 01 1E 1C 4D 00 00 A0 8C 00 00 59 08 00 00 00 00 00 00 00 00 00 00 00 00
 00 00 00 00 00 00 00 00 00 00 00 00 00 00 00 00 00 00 00 00 00 00 00 00 00 00 00 00 00 00 00 00 00 00 00 00 00 00 00 00 85 72 0E 00

01 02
3D 00
01
02 07 00 E1 43 F4 06 1D 98 E6 62 08 12 01 1E 57 0C 00 00 E4 16 00 00 51 0D 00 00 00 00 00 00 00 00 00 00 00 00 01 11 45 9D 35 2D 98 E6 62 07 12 01 1E F9 01 00 00 30 02 00 00 5F 0D 00 00 00 00 00 00 00 00 00 00 00 00 02 4D 45 50 16 8B 98 E6 62 00 12 01 1E 31 13 00 00 BA 22 00 00 BF 0D 00 00 00 00 00 00 00 00 00 00 00 00 03 81 46 FB 30 26 97 E6 62 FD 11 01 1E DF 01 00 00 7A 03 00 00 5F 0C 00 00 00 00 00 00 00 00 00 00 00 00 04 3C 06 D0 44 96 97 E6 62 FC 11 01 1E BE 43 00 00 00 7D 00 00 CC 0C 00 00 00 00 00 00 00 00 00 00 00 00 05 9B 44 13 3B D0 8F E6 62 FA 11 01 1E E3 2B 00 00 0E 50 00 00 05 05 00 00 00 00 00 00 00 00 00 00 00 00 06 24 44 A1 2A C8 8A E6 62 F9 11 01 1E 14 E6 00 00 71 26 01 00 82 03 00 00 00 00 00 00 00 00 00 00 00 00 85 72 0E 00



